
0.44
0.05
0.15
0.19
0.36
0.15
0.04
0.01
0.14
0.44
0.26
0.35
0.03
0.01
0.01
0.01
0.01
0.01
0.35
0.61
0.67
0.30
0.09
0.01
0.01
0.01
0.01
0.01
0.12
0.33
0.14
0.06
0.02
0.01
0.01
0.01
0.01
0.01
0.17
0.50
0.88
0.64
0.23
0.04
0.01
0.01
0.01
0.01
0.29
0.76
0.28
0.08
0.03
0.01
0.01
0.01
0.01
0.01
0.50
0.59
0.43
0.12
0.04
0.02
0.01
0.01
0.01
0.01
0.27
0.29
0.15
0.05
0.02
0.01
0.01
0.01
0.01
0.01
0.22
0.57
0.82
0.37
0.30
0.06
0.01
0.01
0.01
0.01
0.38
0.57
0.26
0.14
0.01
0.01
0.01
0.01
0.01
0.07
0.69
0.42
0.41
0.35
0.06
0.02
0.01
0.01
0.01
0.02
0.41
0.39
0.16
0.09
0.04
0.01
0.01
0.01
0.01
0.04
0.54
0.88
0.50
0.56
0.11
0.02
0.01
0.01
0.03
0.02
0.49
0.54
0.07
0.03
0.01
0.02
0.01
0.01
0.01
0.06
0.55
0.57
0.28
0.22
0.10
0.04
0.01
0.01
0.01
0.06
0.18
0.41
0.36
0.10
0.04
0.02
0.01
0.01
0.01
0.06
0.40
0.46
0.96
0.28
0.29
0.05
0.02
0.01
0.01
0.01
0.01
0.01
